image: ship_interior_10cm.pgm
resolution: 0.100000
origin: [-17.000000, -14.800000, 0.000000]
negate: 0
occupied_thresh: 0.65
free_thresh: 0.196

