image: ita_pasillo.pgm
resolution: 0.025000
origin: [-30.000000, -43.600000, 0.000000]
negate: 0
occupied_thresh: 0.65
free_thresh: 0.196

